1	Lamar Jackson	BAL	QB	17	316	474	66.7	4172	8.8	41	4	119.6	139	915	6.6	4	25.3	430.4
2	Josh Allen	BUF	QB	17	307	483	63.6	3731	7.7	28	6	101.4	102	531	5.2	12	22.3	379.0
3	Joe Burrow	CIN	QB	17	460	652	70.6	4918	7.5	43	9	108.5	42	201	4.8	2	21.9	372.8
4	
Baker Mayfield
TB
QB	17	407	570	71.4	4500	7.9	41	16	106.8	60	378	6.3	3	21.5	365.8
5	
Jayden Daniels
WAS
QB	17	331	480	69.0	3568	7.4	25	9	100.1	148	891	6.0	6	20.9	355.8
6	
Jared Goff
DET
QB	17	390	539	72.4	4629	8.6	37	12	111.8	35	56	1.6	0	19.1	324.5
7	
Bo Nix
DEN
QB	17	376	567	66.3	3775	6.7	29	12	93.3	92	430	4.7	4	18.7	317.2
8	
Jalen Hurts
PHI
QB	15	248	361	68.7	2903	8.0	18	5	103.7	150	630	4.2	14	21.0	315.1
9	
Sam Darnold
MIN
QB	17	361	545	66.2	4319	7.9	35	12	102.5	67	212	3.2	1	18.1	308.0
10	
Kyler Murray
ARI
QB	17	372	541	68.8	3851	7.1	21	11	93.5	78	572	7.3	5	17.5	297.2
11	
Justin Herbert
LAC
QB	17	332	504	65.9	3870	7.7	23	3	101.7	69	306	4.4	2	16.8	285.4
12	
Patrick Mahomes
KC
QB	16	392	581	67.5	3928	6.8	26	11	93.5	58	307	5.3	2	17.7	283.0
13	
Brock Purdy
SF
QB	15	300	455	65.9	3864	8.5	20	12	96.1	66	323	4.9	5	17.8	266.9
14	
Geno Smith
SEA
QB	17	407	578	70.4	4320	7.5	21	15	93.2	53	272	5.1	2	15.6	266.0
15	
Aaron Rodgers
NYJ
QB	17	368	584	63.0	3897	6.7	28	11	90.5	22	107	4.9	0	15.1	256.6
16	
Caleb Williams
CHI
QB	17	351	562	62.5	3541	6.3	20	6	87.8	81	489	6.0	0	15.0	254.5
17	
Jordan Love
GB
QB	15	268	425	63.1	3389	8.0	25	11	96.7	25	83	3.3	1	15.6	233.9
18	
C.J. Stroud
HOU
QB	17	336	532	63.2	3727	7.0	20	12	87.0	52	233	4.5	0	13.0	220.4
19	
Matthew Stafford
LAR
QB	16	340	517	65.8	3762	7.3	20	8	93.7	30	41	1.4	0	13.4	214.6
20	
Bryce Young
CAR
QB	14	234	384	60.9	2403	6.3	15	9	82.2	43	249	5.8	6	13.9	195.0
21	
Tua Tagovailoa
MIA
QB	11	291	399	72.9	2867	7.2	19	7	101.4	17	49	2.9	0	16.5	181.6
22	
Drake Maye
NE
QB	13	225	338	66.6	2276	6.7	15	10	88.1	54	421	7.8	2	13.6	177.1
23	
Kirk Cousins
ATL
QB	14	303	453	66.9	3508	7.7	18	16	88.6	23	0	0.0	0	12.6	176.3
24	
Russell Wilson
PIT
QB	11	214	336	63.7	2482	7.4	16	5	95.6	43	155	3.6	2	15.7	172.8
25	
Anthony Richardson Sr.
IND
QB	11	126	264	47.7	1814	6.9	8	12	61.6	86	499	5.8	6	14.9	163.4
26	
Derek Carr
NO
QB	10	189	279	67.7	2145	7.7	15	5	101.0	17	71	4.2	1	15.1	150.9
27	
Trevor Lawrence
JAX
QB	10	172	284	60.6	2045	7.2	11	7	85.2	26	119	4.6	3	14.5	145.2
28	
Daniel Jones
NYG
QB	10	216	341	63.3	2070	6.1	8	7	79.4	67	265	4.0	2	13.5	135.3
29	
Jameis Winston
CLE
QB	12	181	296	61.1	2121	7.2	13	12	80.6	25	83	3.3	1	10.9	131.1
30	
Will Levis
TEN
QB	12	190	301	63.1	2091	6.9	13	12	81.4	45	183	4.1	0	10.0	119.9
31	
Justin Fields
PIT
QB	10	106	161	65.8	1106	6.9	5	1	93.3	62	289	4.7	5	11.9	119.1
32	
Dak Prescott
DAL
QB	8	185	286	64.7	1978	6.9	11	8	86.0	13	54	4.2	1	14.6	116.5
33	
Cooper Rush
DAL
QB	12	187	308	60.7	1844	6.0	12	5	83.8	26	18	0.7	0	9.1	109.6
34	
Taysom Hill
NO
QB	8	2	4	50.0	21	5.2	0	1	26.0	39	278	7.1	6	12.8	102.3
35	
Joe Flacco
IND
QB	8	162	248	65.3	1761	7.1	12	7	90.5	9	26	2.9	0	12.4	99.0
36	
Gardner Minshew
LV
QB	10	203	306	66.3	2013	6.6	9	10	81.0	19	58	3.1	0	9.6	96.3
37	
Mac Jones
JAX
QB	10	171	262	65.3	1672	6.4	8	8	80.5	28	92	3.3	1	9.6	96.1
38	
Mason Rudolph
TEN
QB	8	146	228	64.0	1530	6.7	9	9	80.1	25	106	4.2	1	12.0	95.8
39	
Aidan O'Connell
LV
QB	9	154	243	63.4	1612	6.6	8	4	86.7	21	30	1.4	1	10.4	93.5
40	
Drew Lock
NYG
QB	8	107	181	59.1	1071	5.9	6	5	75.5	18	133	7.4	2	10.0	80.1