1	
Brock Bowers
LV
TE	17	153	112	73.2	1194	5	57	7.8	10.7	5	13	2.6	0	0	0	15.5	262.7
2	
Trey McBride
ARI
TE	16	147	111	75.5	1146	2	37	7.8	10.3	1	2	2.0	2	0	0	15.6	249.8
3	
George Kittle
SF
TE	15	94	78	83.0	1106	8	43	11.8	14.2	0	0		0	0	0	15.8	236.6
4	
Jonnu Smith
MIA
TE	17	111	88	79.3	884	8	57	8.0	10.0	2	-1	-0.5	0	2	1	13.1	222.3
5	
Travis Kelce
KC
TE	16	133	97	72.9	823	3	38	6.2	8.5	1	1	1.0	0	2	1	12.2	195.4
6	
Mark Andrews
BAL
TE	17	69	55	79.7	673	11	67	9.8	12.2	4	5	1.2	0	0	0	11.1	188.8
7	
Zach Ertz
WAS
TE	17	91	66	72.5	654	7	37	7.2	9.9	0	0		0	1	0	10.4	177.4
8	
Sam LaPorta
DET
TE	16	83	60	72.3	726	7	52	8.7	12.1	0	0		0	0	0	10.9	174.6
9	
Pat Freiermuth
PIT
TE	17	78	65	83.3	653	7	30	8.4	10.0	0	0		0	3	2	9.9	168.3
10	
Tucker Kraft
GB
TE	17	70	50	71.4	707	7	67	10.1	14.1	3	6	2.0	0	1	1	9.6	163.3
11	
David Njoku
CLE
TE	11	97	64	66.0	505	5	29	5.2	7.9	0	0		0	0	0	13.5	148.5
12	
Hunter Henry
NE
TE	16	97	66	68.0	674	2	35	6.9	10.2	0	0		0	0	0	9.1	145.4
13	
Mike Gesicki
CIN
TE	17	83	65	78.3	665	2	47	8.0	10.2	0	0		0	1	1	8.3	141.5
14	
Cade Otton
TB
TE	14	87	59	67.8	600	4	44	6.9	10.2	1	-4	-4.0	0	2	1	10.0	140.6
15	
Kyle Pitts
ATL
TE	17	74	47	63.5	602	4	52	8.1	12.8	0	0		0	0	0	7.7	131.2
16	
Isaiah Likely
BAL
TE	16	58	42	72.4	477	6	49	8.2	11.4	0	0		0	1	1	7.7	123.7
17	
Juwan Johnson
NO
TE	17	66	50	75.8	548	3	30	8.3	11.0	0	0		0	2	0	7.2	122.8
18	
Tyler Conklin
NYJ
TE	16	72	51	70.8	449	4	27	6.2	8.8	1	0	0.0	0	0	0	7.6	121.9
19	
Cole Kmet
CHI
TE	17	55	47	85.5	474	4	31	8.6	10.1	0	0		0	0	0	7.1	120.4
20	
Dalton Schultz
HOU
TE	17	85	53	62.4	532	2	32	6.3	10.0	0	0		0	0	0	7.0	118.2
21	
Chig Okonkwo
TEN
TE	17	70	52	74.3	479	2	70	6.8	9.2	1	17	17.0	0	2	1	6.7	113.6
22	
Noah Gray
KC
TE	17	49	40	81.6	437	5	35	8.9	10.9	1	-4	-4.0	0	0	0	6.7	113.3
23	
Will Dissly
LAC
TE	15	64	50	78.1	481	2	29	7.5	9.6	0	0		0	0	0	7.3	110.1
24	
Austin Hooper
NE
TE	17	59	45	76.3	476	3	38	8.1	10.6	0	0		0	2	1	6.4	108.6
25	
Jake Ferguson
DAL
TE	14	86	59	68.6	494	0	27	5.7	8.4	0	0		0	4	2	7.5	104.4
26	
Noah Fant
SEA
TE	14	64	48	75.0	500	1	32	7.8	10.4	0	0		0	0	0	7.4	104.0
27	
Dallas Goedert
PHI
TE	10	52	42	80.8	496	2	61	9.5	11.8	0	0		0	2	0	10.4	103.6
28	
Foster Moreau
NO
TE	17	43	32	74.4	413	5	41	9.6	12.9	0	0		0	0	0	6.1	103.3
29	
Dalton Kincaid
BUF
TE	13	75	44	58.7	448	2	29	6.0	10.2	0	0		0	1	0	7.8	100.8
30	
Brenton Strange
JAX
TE	17	53	40	75.5	411	2	30	7.8	10.3	0	0		0	1	1	5.4	91.1
31	
Jordan Akins
CLE
TE	17	58	40	69.0	390	2	21	6.7	9.8	0	0		0	1	0	5.4	91.0
32	
Evan Engram
JAX
TE	9	64	47	73.4	365	1	24	5.7	7.8	0	0		0	1	1	9.9	89.5
33	
T.J. Hockenson
MIN
TE	10	62	41	66.1	455	0	34	7.3	11.1	0	0		0	0	0	8.7	86.5
34	
AJ Barner
SEA
TE	17	38	30	78.9	245	4	20	6.4	8.2	0	0		0	0	0	4.6	78.5
35	
Ja'Tavion Sanders
CAR
TE	16	43	33	76.7	342	1	46	8.0	10.4	0	0		0	1	0	4.6	73.2
36	
Theo Johnson
NYG
TE	12	43	29	67.4	331	1	35	7.7	11.4	0	0		0	0	0	5.7	68.1
37	
Josh Oliver
MIN
TE	15	28	22	78.6	258	3	28	9.2	11.7	0	0		0	0	0	4.4	65.8
38	
Colby Parkinson
LAR
TE	17	49	30	61.2	294	1	23	6.0	9.8	0	0		0	0	0	3.8	65.4
39	
Josh Whyle
TEN
TE	17	37	28	75.7	248	1	33	6.7	8.9	0	0		0	0	0	3.6	60.8
40	
Grant Calcaterra
PHI
TE	17	30	24	80.0	298	1	34	9.9	12.4	0	0		0	0	0	3.5	59.8
41	
Dawson Knox
BUF
TE	16	33	22	66.7	311	1	39	9.4	14.1	0	0		0	0	0	3.7	59.1
42	
Luke Schoonmaker
DAL
TE	17	36	27	75.0	241	1	24	6.7	8.9	0	0		0	0	0	3.4	57.1