1	Chase	CIN	WR	17	175	127	72.6	1708	17	70	9.8	13.4	3	32	10.7	0	0	0	23.7	403.0
2	Jefferson	MIN	WR	17	154	103	66.9	1533	10	97	10.0	14.9	1	3	3.0	0	1	0	18.7	317.5
3	Amon-Ra	DET	WR	17	141	115	81.6	1263	12	66	9.0	11.0	2	6	3.0	0	1	1	18.6	316.2
4	
Brian Thomas Jr.
JAX
WR	17	133	87	65.4	1282	10	85	9.6	14.7	6	48	8.0	0	0	0	16.7	284.0
5	
Drake London
ATL
WR	17	158	100	63.3	1271	9	39	8.0	12.7	1	-3	-3.0	0	0	0	16.5	280.8
6	
Malik Nabers
NYG
WR	15	170	109	64.1	1204	7	59	7.1	11.0	5	2	0.4	0	1	0	18.2	273.6
7	
Terry McLaurin
WAS
WR	17	117	82	70.1	1096	13	86	9.4	13.4	2	2	1.0	0	1	1	15.8	267.8
8	
CeeDee Lamb
DAL
WR	15	152	101	66.4	1194	6	65	7.9	11.8	14	70	5.0	0	1	1	17.6	263.4
9	
Jaxon Smith-Njigba
SEA
WR	17	137	100	73.0	1130	6	46	8.2	11.3	5	26	5.2	0	1	0	14.9	253.0
10	
Garrett Wilson
NYJ
WR	17	154	101	65.6	1104	7	42	7.2	10.9	2	5	2.5	0	2	2	14.8	251.9
11	
Davante Adams
NYJ
WR	14	141	85	60.3	1063	8	71	7.5	12.5	0	0		0	0	0	17.2	241.3
12	
Ladd McConkey
LAC
WR	16	112	82	73.2	1149	7	60	10.3	14.0	0	0		0	2	0	15.1	240.9
13	
Jerry Jeudy
CLE
WR	17	145	90	62.1	1229	4	89	8.5	13.7	0	0		0	0	0	14.2	240.9
14	
Mike Evans
TB
WR	14	110	74	67.3	1004	11	57	9.1	13.6	0	0		0	0	0	17.2	240.4
15	
Courtland Sutton
DEN
WR	17	135	81	60.0	1081	8	47	8.0	13.3	0	0		0	1	1	14.1	240.3
16	
DJ Moore
CHI
WR	17	140	98	70.0	966	6	44	6.9	9.9	14	75	5.4	0	1	1	14.0	238.1
17	
Tee Higgins
CIN
WR	12	109	73	67.0	911	10	42	8.4	12.5	0	0		0	1	1	18.5	222.1
18	
Tyreek Hill
MIA
WR	17	123	81	65.9	959	6	80	7.8	11.8	8	53	6.6	0	0	0	12.8	218.2
19	
Jakobi Meyers
LV
WR	15	129	87	67.4	1027	4	43	8.0	11.8	2	23	11.5	0	0	0	14.5	218.0
20	
A.J. Brown
PHI
WR	13	97	67	69.1	1079	7	67	11.1	16.1	0	0		0	0	0	16.7	216.9
21	
Jordan Addison
MIN
WR	15	99	63	63.6	875	9	69	8.8	13.9	3	20	6.7	1	0	0	14.2	212.5
22	
Jameson Williams
DET
WR	15	91	58	63.7	1001	7	82	11.0	17.3	11	61	5.5	1	0	0	14.1	212.2
23	
Nico Collins
HOU
WR	12	99	68	68.7	1006	7	67	10.2	14.8	0	0		0	0	0	17.6	210.6
24	
Jauan Jennings
SF
WR	15	113	77	68.1	975	6	45	8.6	12.7	0	0		0	1	0	14.0	210.5
25	
Zay Flowers
BAL
WR	17	116	74	63.8	1059	4	53	9.1	14.3	9	56	6.2	0	0	0	12.3	209.5
26	
Puka Nacua
LAR
WR	11	106	79	74.5	990	3	51	9.3	12.5	11	46	4.2	1	0	0	18.8	206.6
27	
DeVonta Smith
PHI
WR	13	89	68	76.4	833	8	49	9.4	12.2	1	1	1.0	0	0	0	15.3	199.4
28	
Calvin Ridley
TEN
WR	17	120	64	53.3	1017	4	63	8.5	15.9	8	55	6.9	1	1	1	11.7	199.2
29	
Jayden Reed
GB
WR	17	75	55	73.3	857	6	70	11.4	15.6	20	163	8.2	1	3	1	11.6	197.0
30	
Marvin Harrison Jr.
ARI
WR	17	116	62	53.4	885	8	60	7.6	14.3	0	0		0	1	1	11.6	196.5
31	
Darnell Mooney
ATL
WR	16	106	64	60.4	992	5	49	9.4	15.5	0	0		0	0	0	12.1	193.2
32	
DK Metcalf
SEA
WR	15	108	66	61.1	992	5	71	9.2	15.0	0	0		0	2	2	12.7	191.2
33	
Xavier Worthy
KC
WR	17	98	59	60.2	638	6	54	6.5	10.8	20	104	5.2	3	0	0	11.0	187.2
34	
Keenan Allen
CHI
WR	15	121	70	57.9	744	7	45	6.1	10.6	0	0		0	1	0	12.3	184.4
35	
Josh Downs
IND
WR	14	107	72	67.3	803	5	69	7.5	11.2	1	12	12.0	0	0	0	13.1	183.5
36	
Wan'Dale Robinson
NYG
WR	17	140	93	66.4	699	3	35	5.0	7.5	3	18	6.0	0	0	0	10.7	182.7
37	
Khalil Shakir
BUF
WR	15	100	76	76.0	821	4	52	8.2	10.8	2	4	2.0	0	1	0	12.2	182.5
38	
Cooper Kupp
LAR
WR	12	100	67	67.0	710	6	69	7.1	10.6	2	10	5.0	0	1	0	14.6	175.0
39	
Quentin Johnston
LAC
WR	15	91	55	60.4	711	8	66	7.8	12.9	3	6	2.0	0	0	0	11.6	174.7
40	
Rashod Bateman
BAL
WR	17	72	45	62.5	756	9	59	10.5	16.8	0	0		0	0	0	10.3	174.6
41	
Michael Pittman Jr.
IND
WR	16	111	69	62.2	808	3	33	7.3	11.7	0	0		0	1	1	10.4	165.8
42	
George Pickens
PIT
WR	14	103	59	57.3	900	3	44	8.7	15.3	2	-6	-3.0	0	1	1	11.7	164.4
43	
Alec Pierce
IND
WR	16	69	37	53.6	824	7	65	11.9	22.3	0	0		0	0	0	10.1	161.4
44	
Deebo Samuel Sr.
SF
WR	15	81	51	63.0	670	3	76	8.3	13.1	42	136	3.2	1	2	1	10.2	153.6
45	
Jalen Tolbert
DAL
WR	17	79	49	62.0	610	7	48	7.7	12.4	0	0		0	0	0	8.9	152.0
46	
Jaylen Waddle
MIA
WR	15	83	58	69.9	744	2	63	9.0	12.8	4	12	3.0	0	0	0	10.0	149.6
47	
DeMario Douglas
NE
WR	17	87	66	75.9	621	3	36	7.1	9.4	3	16	5.3	0	1	0	8.7	147.7
48	
DeAndre Hopkins
KC
WR	16	80	56	70.0	610	5	35	7.6	10.9	0	0		0	1	0	9.2	147.0
49	
Rome Odunze
CHI
WR	17	101	54	53.5	734	3	47	7.3	13.6	3	15	5.0	0	2	1	8.5	144.9
50	
Ray-Ray McCloud III
ATL
WR	17	87	62	71.3	686	1	60	7.9	11.1	10	79	7.9	0	4	2	8.3	140.5
51	
Tank Dell
HOU
WR	14	81	51	63.0	667	3	50	8.2	13.1	9	43	4.8	0	0	0	10.0	140.0
52	
Adam Thielen
CAR
WR	10	62	48	77.4	615	5	40	9.9	12.8	0	0		0	0	0	13.9	139.5
53	
Chris Godwin
TB
WR	7	62	50	80.6	576	5	55	9.3	11.5	1	2	2.0	0	1	0	19.7	137.8
54	
Nick Westbrook-Ikhine
TEN
WR	17	60	32	53.3	497	9	98	8.3	15.5	0	0		0	0	0	8.0	135.7
55	
Jalen McMillan
TB
WR	13	58	37	63.8	461	8	33	7.9	12.5	4	43	10.8	0	0	0	10.4	135.4
56	
Romeo Doubs
GB
WR	13	72	46	63.9	601	4	39	8.3	13.1	0	0		0	0	0	10.2	132.1
57	
Marvin Mims Jr.
DEN
WR	17	52	39	75.0	503	6	93	9.7	12.9	13	42	3.2	0	1	0	7.6	129.5
58	
Tre Tucker
LV
WR	17	81	47	58.0	539	3	58	6.7	11.5	9	44	4.9	1	0	0	7.6	129.3
59	
Allen Lazard
NYJ
WR	12	60	37	61.7	530	6	52	8.8	14.3	0	0		0	0	0	10.5	126.0
60	
Xavier Legette
CAR
WR	16	84	49	58.3	497	4	35	5.9	10.1	6	24	4.0	0	0	0	7.8	125.1